[gd_scene load_steps=12 format=3 uid="uid://dnlwl74x1f0f6"]

[ext_resource type="Script" path="res://Main.gd" id="1"]
[ext_resource type="Environment" uid="uid://klx83tx6vh1b" path="res://default_env.tres" id="2"]
[ext_resource type="Material" uid="uid://cptye3guqlms3" path="res://assets/wahooney.itch.io/white_4x4.material" id="3"]

[sub_resource type="BoxMesh" id="1"]

[sub_resource type="Shader" id="2"]
code = "shader_type spatial;

void fragment() {
	if (VIEW_INDEX == VIEW_MONO_LEFT) {
		ALBEDO = vec3(1.0, 0.0, 0.0);
	} else {
		ALBEDO = vec3(0.5, 0.5, 0.0);
	}
}
"

[sub_resource type="ShaderMaterial" id="3"]
render_priority = 0
shader = SubResource( "2" )

[sub_resource type="StandardMaterial3D" id="4"]
albedo_color = Color(0, 1, 0.0941176, 1)

[sub_resource type="StandardMaterial3D" id="5"]
albedo_color = Color(0, 0.0392157, 1, 1)

[sub_resource type="PlaneMesh" id="6"]
material = ExtResource( "3" )
size = Vector2(100, 100)
subdivide_width = 10
subdivide_depth = 10

[sub_resource type="SphereMesh" id="7"]

[sub_resource type="StandardMaterial3D" id="8"]
metallic = 0.9
roughness = 0.19

[node name="Main" type="Node3D"]
script = ExtResource( "1" )

[node name="XROrigin3D" type="XROrigin3D" parent="."]
transform = Transform3D(0.886696, 0, -0.462352, 0, 1, 0, 0.462352, 0, 0.886696, -5.55508, 0, 2.61795)

[node name="XRCamera3D" type="XRCamera3D" parent="XROrigin3D"]

[node name="RedCube" type="MeshInstance3D" parent="."]
transform = Transform3D(1, 0, 0, 0, 1, 0, 0, 0, 1, -3, 0, -7)
mesh = SubResource( "1" )
surface_material_override/0 = SubResource( "3" )

[node name="GreenCube" type="MeshInstance3D" parent="."]
transform = Transform3D(1, 0, 0, 0, 1, 0, 0, 0, 1, 0, 0, -7)
mesh = SubResource( "1" )
surface_material_override/0 = SubResource( "4" )

[node name="BlueCube" type="MeshInstance3D" parent="."]
transform = Transform3D(1, 0, 0, 0, 1, 0, 0, 0, 1, 3, 0, -7)
mesh = SubResource( "1" )
surface_material_override/0 = SubResource( "5" )

[node name="WorldEnvironment" type="WorldEnvironment" parent="."]
environment = ExtResource( "2" )

[node name="DirectionalLight3D" type="DirectionalLight3D" parent="."]
transform = Transform3D(0.682276, -0.504241, 0.529377, -0.0112738, 0.716746, 0.697243, -0.731008, -0.48168, 0.483334, -0.166714, 4.04137, 0)
shadow_enabled = true
shadow_bias = 0.01

[node name="Ground" type="MeshInstance3D" parent="."]
transform = Transform3D(1, 0, 0, 0, 1, 0, 0, 0, 1, 0, -1, 0)
mesh = SubResource( "6" )

[node name="SpotLight3D" type="SpotLight3D" parent="."]
transform = Transform3D(0.905317, 0.209782, -0.369314, 0, 0.869512, 0.493911, 0.424737, -0.447146, 0.787184, -6.51573, 3.34445, -2.01878)
visible = false
shadow_enabled = true
spot_range = 15.8

[node name="MeshInstance3D" type="MeshInstance3D" parent="."]
transform = Transform3D(1, 0, 0, 0, 1, 0, 0, 0, 1, 0, 0.706012, -0.468691)
mesh = SubResource( "7" )
surface_material_override/0 = SubResource( "8" )

[node name="ReflectionProbe" type="ReflectionProbe" parent="MeshInstance3D"]
extents = Vector3(7.14797, 3.19461, 8.37037)
